1 1 1
1 2 2
1 3 8
1 4 8
1 5 8
1 6 9
1 7 17
1 8 17
1 9 20
1 10 20
100 200 125
201 210 89
900 1000 174
1 1000000 525
1 17 20
1 18 21
1 19 21
1 26 24
1 27 112
1 702 145
1 703 171
1 3710 217
1 3711 238
8007 9999 260
8007 10000 260
8008 9000 247
10800 17646 276
10800 17647 279
6170 6180 262
77000 90000 351
146522 146532 220
146523 146533 220
146524 146534 220
146525 146535 220
146526 146536 220
146527 146537 220
146528 146538 220
146529 146539 220
146530 146540 127
146531 146541 127
146532 146542 127
146533 146543 220
146534 146544 220
830000 1000000 525
837798 837808 525
837799 837809 525
837800 837810 282
837801 837811 282
864980 864990 176
864981 864991 176
864982 864992 176
864983 864993 207
864984 864994 207
857828 857838 251
857829 857839 251
857830 857840 251
857831 857841 251
857832 857842 238
857833 857843 238
857834 857844 189
4580 4590 153
4581 4591 171
4582 4592 171
4583 4593 171
4584 4594 171
4585 4595 171
4586 4596 171
4587 4597 171
4588 4598 171
4589 4599 171
4590 4600 171
4591 4601 171
4592 4602 153
4593 4603 153
4594 4604 153
11581 11591 144
11582 11592 144
11583 11593 188
11584 11594 188
11585 11595 188
11586 11596 188
11587 11597 188
11588 11598 206
11589 11599 206
11590 11600 206
11591 11601 206
11592 11602 206
11593 11603 206
11594 11604 206
11595 11605 206
11596 11606 206
11597 11607 206
11598 11608 206
11599 11609 206
11600 11610 175
701843 701853 199
701844 701854 199
701845 701855 230
701846 701856 230
701847 701857 230
701848 701858 230
701849 701859 230
701850 701860 230
701851 701861 230
701852 701862 230
701853 701863 230
701854 701864 230
701855 701865 230
701856 701866 230
701857 701867 230
701858 701868 230
701859 701869 230
701860 701870 230
701861 701871 230
701862 701872 230
701863 701873 230
701864 701874 230
701865 701875 230
701866 701876 199
701867 701877 199
701868 701878 274
701869 701879 274
702 1 145
703 1 171
3710 1 217
3711 1 238
9999 8007 260
10000 8007 260
9000 8000 247
17646 10800 276
17647 10800 279
6180 6170 262
90000 77000 351
146532 146522 220
146533 146523 220
146534 146524 220
146535 146525 220
146536 146526 220
11606 11596 206
11607 11597 206
11608 11598 206
11609 11599 206
11610 11600 175
701853 701843 199
701854 701844 199
701855 701845 230
701856 701846 230
701857 701847 230
987654 543210 525
